[5.jpg]
filters=autocolor=1;finetune2=1,0.000000,0.000000,0.328421,00000000,0.450292;glow2=1,0.650000,1.000000;Vignette=1,50.000000,1.491228,0.000000,00000000;
moddate=600af811ca4fcf01
width=425
height=282
textactive=0
